Vis2Data - 0
[0.30088709 0.33976531 0.34768618 0.35031571 0.34863737 0.35027063
 0.35053966 0.35223793 0.35324495 0.35591784 0.35720099 0.3580179
 0.35938348 0.36298572 0.36547907 0.36877103 0.37204063 0.37633685
 0.37985087 0.38389854 0.38794427 0.38961869 0.39333152 0.3958573
 0.39754524 0.40213093 0.4044931  0.40647171 0.40712399 0.40765514
 0.41010221 0.40944561 0.41489426 0.41749958 0.41839736 0.42858081
 0.43033787 0.43396785 0.43746928 0.43961127 0.44062479 0.44136993
 0.44063913 0.44139185 0.44656081 0.4511812  0.44665896 0.44280397
 0.44248711 0.44327499 0.44607382 0.45054342 0.4498364  0.45432049
 0.45352959 0.45309627 0.45407781 0.46640732 0.47836518 0.4807506
 0.48327657 0.48183469 0.4748752  0.47257061 0.47492561 0.47803422
 0.48229224 0.48016774 0.47513663 0.47756593 0.46745574 0.47003617
 0.47636248 0.48047717 0.4887039  0.48942393 0.49313743 0.48341647
 0.49301051 0.48775932 0.47760293 0.48745319 0.47963717 0.472509
 0.47455594 0.46932126 0.47446469 0.46464363 0.47215036 0.46049639
 0.46742361 0.46379223 0.4661447  0.47475767 0.47574321 0.4770559
 0.47568963 0.48630481 0.48307762 0.48809512 0.4974964  0.47130041
 0.49620438 0.49131787 0.4513212  0.44173353 0.4153638  0.39406364
 0.37775713 0.39861753 0.40816693 0.40399782 0.43502874 0.40962507
 0.40679189 0.3966379  0.43432456 0.46542408 0.33686898 0.33018006
 0.16665358]
----------------------------------Vis2Data - 1
[0.15754675 0.14744775 0.16002593 0.16642871 0.17266753 0.17530303
 0.17662222 0.17769381 0.17895525 0.18014212 0.18070042 0.18223379
 0.18399712 0.1844232  0.18520471 0.18632781 0.1879731  0.18905854
 0.19041894 0.19243971 0.19341164 0.1944744  0.19530876 0.19552336
 0.19588491 0.19751873 0.19756387 0.19790172 0.19778665 0.19814151
 0.19821514 0.19867575 0.20043422 0.20020045 0.20103552 0.20208672
 0.20104871 0.20468935 0.20629358 0.20917858 0.21062764 0.21099671
 0.21098087 0.21026901 0.21132891 0.21259729 0.21561775 0.21736964
 0.21827133 0.21769884 0.21900163 0.21779095 0.21621758 0.21791661
 0.21554985 0.2146473  0.21093715 0.20589443 0.20227994 0.19925485
 0.1973548  0.19938643 0.20328758 0.2051421  0.20438028 0.20916172
 0.212795   0.22106048 0.21885874 0.22069774 0.2197278  0.22364551
 0.22160306 0.21514523 0.21529206 0.21516026 0.20839848 0.20752913
 0.19797951 0.20060675 0.20431081 0.20512375 0.2105061  0.20568569
 0.2093659  0.20515977 0.20049475 0.20636812 0.20108169 0.1985633
 0.20511673 0.20965071 0.20590322 0.19775967 0.1954957  0.19545778
 0.20086181 0.20527585 0.20151124 0.20208392 0.20475086 0.19890971
 0.18479596 0.1892962  0.18655398 0.18732652 0.17891982 0.18308006
 0.17827575 0.19110931 0.2020193  0.19932513 0.20940171 0.19564474
 0.20528756 0.2195072  0.24033538 0.24820658 0.20564293 0.2478952
 0.64289145]
----------------------------------Vis2Data - 2
[0.20324592 0.21736875 0.22887156 0.22780029 0.2318265  0.23309151
 0.23278546 0.23295494 0.23337778 0.23376499 0.23299716 0.23347857
 0.23400295 0.23338529 0.23407074 0.23516374 0.23518207 0.23598014
 0.23661822 0.23848739 0.24006472 0.2399703  0.23990995 0.23958817
 0.23890545 0.23982798 0.23925629 0.23985674 0.23926096 0.23884314
 0.24004996 0.23958263 0.2407937  0.2421692  0.24389315 0.24582474
 0.24458343 0.24700403 0.24704198 0.24917127 0.25160864 0.24985761
 0.24930427 0.25003088 0.25205974 0.25198863 0.25408648 0.25423469
 0.25746619 0.25819662 0.26083753 0.2604422  0.25709018 0.2570484
 0.25320691 0.24761551 0.24289432 0.24015749 0.23952077 0.23105065
 0.22914475 0.23105587 0.23348936 0.23631118 0.23542091 0.2416822
 0.24705865 0.25419591 0.24818781 0.24936731 0.25011391 0.25520436
 0.24989467 0.24519427 0.24259485 0.24453773 0.24044276 0.23889396
 0.23461137 0.23955651 0.24045848 0.2443391  0.24600113 0.24694004
 0.25186476 0.24992237 0.23746654 0.23842455 0.23537184 0.22797286
 0.2373266  0.2430209  0.24031935 0.23798001 0.23582957 0.22855402
 0.23387943 0.24706124 0.23981489 0.23734244 0.24171147 0.22894017
 0.2173218  0.22126705 0.21617573 0.21161372 0.2022822  0.2122562
 0.2058413  0.22120053 0.23666619 0.23074018 0.23355383 0.22307929
 0.22979861 0.2269974  0.25902429 0.2598626  0.20598799 0.17842457
 0.1673628 ]
----------------------------------Vis2Data - 3
[-0.00264424  0.01897208  0.02307057  0.0264983   0.02751942  0.02837279
  0.0289843   0.02929176  0.02999778  0.0305087   0.03102158  0.03147531
  0.03217456  0.03267771  0.03344327  0.0342324   0.03509045  0.03594813
  0.03657662  0.03724155  0.03793648  0.03849092  0.03915019  0.03976214
  0.04024242  0.04100507  0.04128777  0.04156462  0.04193427  0.04238204
  0.04325406  0.04377447  0.04477721  0.04537842  0.0460365   0.047126
  0.0474546   0.04835892  0.0484818   0.04943618  0.04987196  0.05013211
  0.05055707  0.0506396   0.05141498  0.05212529  0.05273811  0.05350718
  0.05492044  0.05517864  0.05575155  0.05614703  0.05625811  0.05657117
  0.05681939  0.05613129  0.05584153  0.0558092   0.05640026  0.05564923
  0.05640974  0.05774376  0.05954879  0.06108175  0.06176142  0.06318497
  0.06559361  0.06826629  0.0682167   0.06922687  0.06902673  0.07033249
  0.07065599  0.06830999  0.06801     0.06793165  0.06654936  0.06592192
  0.0619998   0.06181313  0.06185053  0.06321195  0.0642438   0.06309451
  0.06596979  0.06499966  0.06242964  0.06335314  0.06160871  0.06242749
  0.06446405  0.0644443   0.06264917  0.06120909  0.06012177  0.0579426
  0.05805125  0.06000961  0.05809952  0.05946052  0.06038391  0.05668137
  0.05279776  0.05260698  0.05027387  0.0512017   0.0492558   0.04990748
  0.04819625  0.05185864  0.05618376  0.05532255  0.06123256  0.05814308
  0.06143961  0.06871188  0.07493749  0.08558136  0.05924139  0.06157204
  0.29821655]
----------------------------------Vis2Data - 4
[0.10269205 0.06475867 0.07247842 0.07863261 0.08184347 0.08533911
 0.08662898 0.08819986 0.09008096 0.09226027 0.09422113 0.09624365
 0.09781414 0.10005832 0.10195336 0.10441275 0.10756771 0.11038909
 0.1129881  0.11561381 0.11876981 0.12143711 0.12413574 0.12599575
 0.12774481 0.13003287 0.1316772  0.13310423 0.13381816 0.13465568
 0.13528932 0.13546526 0.13669303 0.13832723 0.13992822 0.14301538
 0.14547773 0.14949835 0.15291774 0.15484956 0.15801091 0.15914143
 0.15970045 0.16044234 0.16132343 0.16308592 0.16345901 0.16402548
 0.16336559 0.16462207 0.16767297 0.16768318 0.16742829 0.16822922
 0.16899822 0.1698804  0.16784574 0.16928343 0.16977278 0.17054248
 0.17269901 0.17362564 0.17593025 0.17707654 0.1802394  0.18244937
 0.18171346 0.18400603 0.18640916 0.19022604 0.18865757 0.18942351
 0.18931117 0.18951693 0.19243007 0.19335103 0.19424725 0.19370469
 0.19687647 0.19538823 0.19585173 0.19595626 0.191536   0.1909708
 0.18679537 0.18298679 0.18092546 0.17931586 0.18278872 0.17551138
 0.17639672 0.17560346 0.17556188 0.17742272 0.17425878 0.17619318
 0.17686147 0.17577621 0.17006884 0.16717858 0.16784473 0.16126539
 0.15762865 0.16133426 0.15190168 0.15290002 0.14902378 0.14733994
 0.14382409 0.15168023 0.15369856 0.1563715  0.15507634 0.15511782
 0.14763034 0.14779523 0.14412081 0.14716023 0.12493905 0.120449
 0.11406757]
----------------------------------Vis2Data - 5
[-0.09579477 -0.01755139 -0.0004945   0.00729319  0.00802745  0.00814405
  0.00784648  0.00809017  0.00831872  0.00837805  0.00850811  0.00880051
  0.00882921  0.00896436  0.00901939  0.00912131  0.00933245  0.00974456
  0.00998157  0.01010815  0.01028095  0.01070069  0.01087227  0.01102428
  0.01133053  0.01158776  0.01189393  0.01223074  0.01253305  0.01280998
  0.01326403  0.0132087   0.0136736   0.01421935  0.01409566  0.01445391
  0.01505148  0.01549436  0.01618021  0.01601303  0.01632185  0.01644635
  0.01675422  0.01711858  0.0173907   0.01731233  0.01753437  0.01764487
  0.01808578  0.01836985  0.01860393  0.01877643  0.01936476  0.01993294
  0.02023937  0.02053362  0.02020006  0.02063771  0.02148203  0.02207922
  0.02356603  0.02423836  0.02468061  0.02531143  0.02557693  0.02618867
  0.02663769  0.02767531  0.02816597  0.02929959  0.02959898  0.03041608
  0.03185499  0.03169978  0.03229216  0.03227881  0.03241627  0.03270912
  0.03326449  0.0333451   0.03283109  0.03301319  0.03322812  0.03262629
  0.03292282  0.03141786  0.03203367  0.03227752  0.03162793  0.03095345
  0.03174184  0.03267427  0.03105624  0.02968651  0.02879019  0.0275596
  0.02650673  0.02671932  0.02636266  0.02639536  0.02521059  0.02434072
  0.02251562  0.02410202  0.02361379  0.02514091  0.02717969  0.02654732
  0.02806997  0.03046213  0.02845693  0.02709862  0.03182627  0.02820318
  0.02878282  0.03250773  0.03228274  0.0316743   0.0374265   0.0675499
  0.06831767]
----------------------------------Unwrapped phase - 0
[-21.5990354  -18.60476117 -16.03009324 -15.86297549 -16.08005544
 -16.28183432 -16.26820834 -16.09049599 -16.18654315 -16.16344414
 -16.09367987 -16.02866009 -15.9063778  -15.60733784 -15.2860793
 -15.08512526 -14.81119521 -14.57798746 -14.39335742 -14.20535197
 -13.95192667 -13.81745992 -13.55406781 -13.25044885 -13.21521112
 -13.10749815 -12.99019126 -12.79011227 -12.38802825 -12.2031645
 -12.03683626 -11.95357603 -11.66090649 -11.7746963  -11.84033956
 -11.56035633 -11.50218773 -11.68355466 -11.83561571 -12.2142735
 -12.41344512 -12.26936017 -11.93774644 -12.1401529  -12.18857334
 -12.35125813 -12.55837401 -12.99096375 -12.8960283  -13.04460405
 -12.69574418 -12.69665332 -12.61708701 -12.69199279 -12.61769985
 -12.11252404 -11.90248178 -11.53354815 -11.24178574 -11.16289531
 -10.68327462 -10.70186143 -10.21076639 -10.55930404 -10.89376893
 -10.63732279 -10.44211629 -10.5422223  -10.79128313 -10.99059421
 -10.73416289 -10.43284924  -9.69071943  -9.69698707  -9.75909682
  -9.36101012  -8.73296746  -8.78367299  -8.72158103  -9.25346949
  -9.2033354   -9.5470886  -10.16363794 -10.69754272 -10.24536918
  -9.94450835 -10.35416183 -10.78320142 -10.76912922 -10.64809155
 -10.71780136 -10.93721422 -11.09526033 -10.70091784 -11.30584548
 -11.81346244 -12.47020448 -13.02366777 -12.8544298  -12.58154016
 -12.08278168 -12.31493038 -12.20070574 -12.35270887 -11.94938347
 -11.20725816 -10.97720723 -11.2984644  -11.2254758  -11.22742892
 -10.69423235 -12.88803525 -13.72289057 -13.68937263 -14.47794527
 -14.37051779 -14.56616943 -12.68461013 -14.80857796 -16.57297148
   2.51987754]
----------------------------------Unwrapped phase - 1
[-3.01456855 -2.50747807 -3.25943119 -3.31824757 -3.68263706 -3.66415422
 -3.59325496 -3.43445334 -3.21143948 -3.09639025 -3.0359449  -2.90406281
 -2.74218376 -2.51470073 -2.26865315 -2.2201032  -2.0140113  -1.85210952
 -1.64518092 -1.54505667 -1.34895009 -1.2120364  -0.96390335 -0.8781865
 -0.7344836  -0.46156335 -0.10533983  0.01271429  0.1583362   0.2019542
  0.43162168  0.44780842  0.85611943  0.57327274  0.54355532  0.38576134
  0.26386976  0.26428781  0.11098341  0.43574626  0.83564847  0.73538668
  0.82283633  0.86990742  1.01975632  1.11031893  1.41344456  1.5074767
  1.71321282  1.92118857  2.13036113  2.24441449  2.16655902  2.05981549
  1.7398655   1.52086919  1.51166708  1.04281698  1.37768118  1.29794752
  1.45188652  1.25030465  0.88127802  0.82262483  1.05072016  1.46842769
  1.66771753  2.23598519  2.51097203  2.30609442  2.59544074  2.56499636
  2.53085393  2.85885988  2.76697957  2.521391    2.20418384  2.16379602
  1.479392    1.075501    1.44637066  2.05254215  2.36282313  2.61617293
  2.82592151  2.70973589  2.38914666  2.70280667  2.72752548  3.06805223
  3.19338483  2.46741429  1.97256713  1.78864531  1.68665488  2.18621053
  2.05407423  2.21880874  1.96616927  1.98237732  1.63486845  1.0540013
  1.84259195  2.30330406  2.51378465  2.45724483  1.63397105  1.45791509
  1.53401829  2.49411535  2.70211741  2.12311762  1.34182809  0.7203248
  0.03278428  0.68501622  1.11036897  1.12707852  3.4744371   1.15743113
  0.2746626 ]
----------------------------------Unwrapped phase - 2
[ 67.88323375 -52.0219296  -52.5805968  -52.91443954 -53.81670309
 -53.03209088 -53.71250885 -52.71429471 -51.62206954 -51.19760034
 -50.60449048 -50.84024607 -50.425246   -49.58718031 -49.44072052
 -49.09308688 -48.32527507 -47.47466783 -46.46472584 -45.90713662
 -44.73276483 -43.89939237 -42.9147598  -41.99100106 -41.24633092
 -40.72696747 -39.62001345 -39.29876477 -39.00545787 -38.83509414
 -38.19820705 -37.43819953 -36.96588791 -36.50271993 -36.18679173
 -34.89405583 -33.93375945 -33.18838962 -32.7848035  -31.81970339
 -30.68872555 -30.86630426 -30.63887905 -30.2760127  -30.20955827
 -29.9337142  -29.62609023 -28.84478567 -29.39177147 -28.77407022
 -28.60647465 -27.33091356 -26.61956188 -26.39724067 -26.11498218
 -25.72464939 -25.37321283 -24.74965309 -24.15149713 -23.51842532
 -23.59012977 -23.31951256 -23.49256378 -23.05720432 -21.6641253
 -21.00632833 -20.70625052 -20.19322704 -19.85623644 -19.54692215
 -19.76256447 -19.63616856 -19.42786419 -19.58488096 -19.42100433
 -20.06418901 -20.34119106 -21.07172665 -21.16601743 -21.26499594
 -22.48691687 -22.20391431 -22.05421448 -21.54203224 -21.77519147
 -21.66887336 -21.80354952 -22.27579186 -22.06300181 -21.71254076
 -21.72110696 -20.81807177 -22.11656285 -23.09692064 -22.77899467
 -21.60753114 -21.9597349  -21.68735502 -22.02642716 -22.773477
 -23.13905003 -24.36511359 -25.4352978  -26.2071016  -25.05516526
 -24.72945732 -25.42311723 -25.66117706 -22.60009454 -21.41062591
 -23.06365587 -23.09907134 -23.656623   -22.82231178 -21.57770596
 -20.59542912 -21.07139282 -20.37901886 -21.93013894 -22.10655687
 -39.03920464]
----------------------------------Unwrapped phase - 3
[113.43651334 -56.21344839 -54.80228077 -56.13633995 -58.1533273
 -58.06277432 -59.01093952 -58.63035108 -57.99473783 -57.87001044
 -57.41211002 -57.89762915 -57.37870676 -56.56567124 -56.30792233
 -55.79241247 -54.88544314 -53.81069462 -52.67944629 -51.93319186
 -50.78338247 -49.95397212 -48.8535931  -47.82023916 -47.21090632
 -46.6868175  -46.07605407 -45.66021693 -45.15309985 -44.89609508
 -44.34562858 -43.60691897 -43.37950632 -42.75214203 -42.25904306
 -40.61752006 -39.73717243 -38.80299012 -38.05380191 -37.79207304
 -37.33012703 -37.14141077 -36.8952606  -37.0688003  -37.08179887
 -37.14764245 -37.10933994 -36.77631606 -37.37713245 -37.32112602
 -36.78094809 -35.75324397 -34.79276593 -34.342104   -33.761304
 -32.30200749 -31.41150219 -30.58676422 -29.77214891 -28.77650026
 -28.39801661 -27.91264334 -27.53195438 -27.36709391 -26.44172535
 -26.15618109 -26.12996717 -26.30757608 -25.86026782 -25.99416687
 -26.05735796 -25.49846458 -24.78035572 -25.34069697 -25.19819005
 -24.93717509 -24.83143411 -25.91310219 -26.0049968  -26.24165058
 -27.63810412 -27.7576317  -28.84067303 -28.95219956 -29.09203535
 -28.95222786 -29.36290397 -29.84314051 -29.77379936 -30.49408518
 -30.5424225  -29.45311633 -29.49280189 -29.9011225  -30.5225072
 -30.28098422 -30.92521903 -31.47236934 -31.18676869 -30.7118676
 -31.24091001 -29.69070035 -31.07704499 -31.87431435 -31.09866371
 -30.20578152 -30.99657121 -32.23020737 -33.36773455 -34.04124681
 -32.95664696 -32.11007184 -35.10293141 -33.96474494 -36.00587659
 -35.00751725 -34.76813094 -32.488415   -33.8775751  -36.24178572
 -39.94878015]
----------------------------------